{
  "camera_angle_x": 0.6108652381980153,
  "frames": [
    {
      "file_path": "./train/image_0.png",
      "rotation": 0.0,
      "transform_matrix": [
        [
          0.0,
          -0.5668922062141883,
          0.8237919801343117,
          24.713759404029354
        ],
        [
          0.0,
          0.8237919801343115,
          0.5668922062141883,
          17.00676618642565
        ],
        [
          -1.0,
          -0.0,
          -0.0,
          -0.0
        ],
        [
          0.0,
          0.0,
          0.0,
          1.0
        ]
      ]
    },
    {
      "file_path": "./train/image_1.png",
      "rotation": 0.10471975511965977,
      "transform_matrix": [
        [
          -0.10452846326765348,
          -0.7380438578173105,
          0.6666071289035576,
          19.998213867106728
        ],
        [
          8.471670793004841e-19,
          0.6702789873285914,
          0.7421092097163046,
          22.263276291489134
        ],
        [
          -0.9945218953682733,
          0.07757153526841808,
          -0.07006323250605663,
          -2.101896975181699
        ],
        [
          0.0,
          0.0,
          0.0,
          1.0
        ]
      ]
    },
    {
      "file_path": "./train/image_2.png",
      "rotation": 0.20943951023931953,
      "transform_matrix": [
        [
          -0.2079116908177593,
          -0.6138642566295129,
          0.7615401520957353,
          22.846204562872064
        ],
        [
          -1.6019162197947186e-17,
          0.7785534121071591,
          0.6275783492889953,
          18.827350478669857
        ],
        [
          -0.9781476007338057,
          0.1304808757212933,
          -0.16187035630313518,
          -4.856110689094057
        ],
        [
          0.0,
          0.0,
          0.0,
          1.0
        ]
      ]
    },
    {
      "file_path": "./train/image_3.png",
      "rotation": 0.3141592653589793,
      "transform_matrix": [
        [
          -0.30901699437494745,
          -0.5348170185085102,
          0.786434519779709,
          23.593035593391267
        ],
        [
          2.6623313676780494e-17,
          0.8269061893853265,
          0.5623398918414366,
          16.8701967552431
        ],
        [
          -0.9510565162951536,
          0.17377258319397382,
          -0.25552806527389466,
          -7.665841958216839
        ],
        [
          0.0,
          0.0,
          0.0,
          1.0
        ]
      ]
    },
    {
      "file_path": "./train/image_4.png",
      "rotation": 0.41887902047863906,
      "transform_matrix": [
        [
          -0.40673664307580015,
          -0.37841003146917557,
          0.8314873127492247,
          24.944619382476734
        ],
        [
          -6.238524238315997e-18,
          0.9101761776528043,
          0.4142213485967744,
          12.42664045790323
        ],
        [
          -0.913545457642601,
          0.16847900081858275,
          -0.37020200310606477,
          -11.106060093181943
        ],
        [
          0.0,
          0.0,
          0.0,
          1.0
        ]
      ]
    },
    {
      "file_path": "./train/image_5.png",
      "rotation": 0.5235987755982988,
      "transform_matrix": [
        [
          -0.5,
          -0.5832890594692262,
          0.6401358239495003,
          19.204074718485007
        ],
        [
          -2.6479037244273915e-19,
          0.7391651805503335,
          0.6735241909998427,
          20.205725729995283
        ],
        [
          -0.8660254037844387,
          0.3367620954999213,
          -0.36958259027516677,
          -11.087477708255001
        ],
        [
          0.0,
          0.0,
          0.0,
          1.0
        ]
      ]
    },
    {
      "file_path": "./train/image_6.png",
      "rotation": 0.6283185307179586,
      "transform_matrix": [
        [
          -0.587785252292473,
          -0.3494442366487432,
          0.7296555506952928,
          21.889666520858782
        ],
        [
          -9.753601707529413e-18,
          0.9019038608194256,
          0.43193683084337003,
          12.9581049253011
        ],
        [
          -0.8090169943749473,
          0.25388609909168147,
          -0.5301257883753017,
          -15.903773651259053
        ],
        [
          0.0,
          0.0,
          0.0,
          1.0
        ]
      ]
    },
    {
      "file_path": "./train/image_7.png",
      "rotation": 0.7330382858376184,
      "transform_matrix": [
        [
          -0.669130606358858,
          -0.6568251465262418,
          0.34762761473250064,
          10.428828441975021
        ],
        [
          -5.338025047070449e-17,
          0.46777909609904855,
          0.8838454147942145,
          26.515362443826437
        ],
        [
          -0.7431448254773944,
          0.5914080183287492,
          -0.31300531021475486,
          -9.390159306442648
        ],
        [
          0.0,
          0.0,
          0.0,
          1.0
        ]
      ]
    },
    {
      "file_path": "./train/image_8.png",
      "rotation": 0.8377580409572781,
      "transform_matrix": [
        [
          -0.7431448254773942,
          -0.6199253064473735,
          0.25184992116795096,
          7.555497635038529
        ],
        [
          5.0786968779679793e-17,
          0.3763838012707531,
          0.9264638331532311,
          27.79391499459694
        ],
        [
          -0.6691306063588581,
          0.6884968035997756,
          -0.27970767430787197,
          -8.39123022923616
        ],
        [
          0.0,
          0.0,
          0.0,
          1.0
        ]
      ]
    },
    {
      "file_path": "./train/image_9.png",
      "rotation": 0.9424777960769379,
      "transform_matrix": [
        [
          -0.8090169943749475,
          -0.21291051738713543,
          0.5478691581011553,
          16.43607474303466
        ],
        [
          2.980236419756626e-17,
          0.9320906844197985,
          0.36222500744403563,
          10.866750223321064
        ],
        [
          -0.5877852522924731,
          0.29304618680981664,
          -0.7540772039941932,
          -22.622316119825793
        ],
        [
          0.0,
          0.0,
          0.0,
          1.0
        ]
      ]
    },
    {
      "file_path": "./train/image_10.png",
      "rotation": 1.0471975511965976,
      "transform_matrix": [
        [
          -0.8660254037844386,
          -0.40484329224029597,
          0.2934312674682751,
          8.802938024048252
        ],
        [
          4.419980031019405e-17,
          0.58686253493655,
          0.8096865844805918,
          24.290597534417756
        ],
        [
          -0.5000000000000001,
          0.7012091512636475,
          -0.508237863784385,
          -15.24713591353155
        ],
        [
          0.0,
          0.0,
          0.0,
          1.0
        ]
      ]
    },
    {
      "file_path": "./train/image_11.png",
      "rotation": 1.1519173063162573,
      "transform_matrix": [
        [
          -0.9135454576426009,
          -0.2211209642341232,
          0.3413798705207186,
          10.241396115621558
        ],
        [
          2.4989904174859578e-17,
          0.8393142745614347,
          0.5436465290217646,
          16.30939587065294
        ],
        [
          -0.4067366430758003,
          0.49664581715099937,
          -0.7667517430601936,
          -23.002552291805806
        ],
        [
          0.0,
          0.0,
          0.0,
          1.0
        ]
      ]
    },
    {
      "file_path": "./train/image_12.png",
      "rotation": 1.2566370614359172,
      "transform_matrix": [
        [
          -0.9510565162951536,
          -0.181984886816127,
          0.24974587841053097,
          7.4923763523159295
        ],
        [
          -1.573359955787319e-17,
          0.8081946396368752,
          0.5889154646145923,
          17.667463938437766
        ],
        [
          -0.3090169943749474,
          0.5600918901686959,
          -0.7686387784614636,
          -23.05916335384391
        ],
        [
          0.0,
          0.0,
          0.0,
          1.0
        ]
      ]
    },
    {
      "file_path": "./train/image_13.png",
      "rotation": 1.3613568165555772,
      "transform_matrix": [
        [
          -0.9781476007338055,
          -0.1881695094283647,
          0.088427975777964,
          2.6528392733389197
        ],
        [
          -2.877131372294656e-17,
          0.42531507213547526,
          0.9050453521312595,
          27.151360563937786
        ],
        [
          -0.2079116908177595,
          0.8852679397424738,
          -0.4160209173652406,
          -12.480627520957217
        ],
        [
          0.0,
          0.0,
          0.0,
          1.0
        ]
      ]
    },
    {
      "file_path": "./train/image_14.png",
      "rotation": 1.4660765716752369,
      "transform_matrix": [
        [
          -0.9945218953682732,
          0.007077403939793945,
          0.10428858991553301,
          3.1286576974659908
        ],
        [
          -4.998580312503924e-19,
          0.997705186275374,
          -0.06770791149652391,
          -2.0312373448957177
        ],
        [
          -0.10452846326765368,
          -0.06733700047295026,
          -0.9922396528733411,
          -29.76718958620024
        ],
        [
          0.0,
          0.0,
          0.0,
          1.0
        ]
      ]
    },
    {
      "file_path": "./train/image_15.png",
      "rotation": 1.5707963267948963,
      "transform_matrix": [
        [
          -1.0,
          2.765250330909464e-18,
          6.116986878571876e-17,
          1.8350960635715623e-15
        ],
        [
          1.161906760341301e-34,
          0.9989797683431271,
          -0.045159965025585155,
          -1.3547989507675544
        ],
        [
          -6.123233995736767e-17,
          -0.04515996502558515,
          -0.9989797683431271,
          -29.96939305029381
        ],
        [
          0.0,
          0.0,
          0.0,
          1.0
        ]
      ]
    },
    {
      "file_path": "./train/image_16.png",
      "rotation": 1.6755160819145563,
      "transform_matrix": [
        [
          -0.9945218953682733,
          -0.014490439628410937,
          -0.1035192097751549,
          -3.105576293254648
        ],
        [
          3.208442863119236e-18,
          0.9903447017113977,
          -0.13862673548837154,
          -4.158802064651146
        ],
        [
          0.10452846326765333,
          -0.13786732372661153,
          -0.9849194898139464,
          -29.547584694418394
        ],
        [
          0.0,
          0.0,
          0.0,
          1.0
        ]
      ]
    },
    {
      "file_path": "./train/image_17.png",
      "rotation": 1.7802358370342162,
      "transform_matrix": [
        [
          -0.9781476007338057,
          0.17506474655241416,
          -0.1121588413511768,
          -3.3647652405353043
        ],
        [
          1.761891395648499e-17,
          0.5394542313134639,
          0.8420149240470739,
          25.26044772141222
        ],
        [
          0.20791169081775915,
          0.823614877738703,
          -0.5276658620649641,
          -15.829975861948924
        ],
        [
          0.0,
          0.0,
          0.0,
          1.0
        ]
      ]
    },
    {
      "file_path": "./train/image_18.png",
      "rotation": 1.8849555921538759,
      "transform_matrix": [
        [
          -0.9510565162951536,
          0.2467086665217823,
          -0.18608153233346453,
          -5.582445970003937
        ],
        [
          -2.0542547166323104e-17,
          0.6021724879884166,
          0.7983660155028145,
          23.950980465084434
        ],
        [
          0.3090169943749473,
          0.7592912014325494,
          -0.5727000686350487,
          -17.181002059051462
        ],
        [
          0.0,
          0.0,
          0.0,
          1.0
        ]
      ]
    },
    {
      "file_path": "./train/image_19.png",
      "rotation": 1.9896753472735356,
      "transform_matrix": [
        [
          -0.913545457642601,
          0.35351534796338946,
          -0.20115067878308154,
          -6.0345203634924465
        ],
        [
          5.375694271805325e-17,
          0.49454771830231886,
          0.8691504785259976,
          26.074514355779925
        ],
        [
          0.4067366430758001,
          0.7940084716653181,
          -0.45179182164259596,
          -13.553754649277879
        ],
        [
          0.0,
          0.0,
          0.0,
          1.0
        ]
      ]
    },
    {
      "file_path": "./train/image_20.png",
      "rotation": 2.0943951023931953,
      "transform_matrix": [
        [
          -0.8660254037844388,
          0.4670793562939976,
          -0.17842890719831425,
          -5.352867215949426
        ],
        [
          1.5676458942833532e-17,
          0.35685781439662856,
          0.9341587125879957,
          28.02476137763987
        ],
        [
          0.49999999999999983,
          0.8090051762677704,
          -0.3090479328064726,
          -9.271437984194177
        ],
        [
          0.0,
          0.0,
          0.0,
          1.0
        ]
      ]
    },
    {
      "file_path": "./train/image_21.png",
      "rotation": 2.199114857512855,
      "transform_matrix": [
        [
          -0.8090169943749476,
          0.4794943220842258,
          -0.3399657304810513,
          -10.19897191443154
        ],
        [
          3.0956196687179136e-17,
          0.5783842468913963,
          0.8157644653623203,
          24.472933960869607
        ],
        [
          0.587785252292473,
          0.6599673158853103,
          -0.4679226850138949,
          -14.03768055041685
        ],
        [
          0.0,
          0.0,
          0.0,
          1.0
        ]
      ]
    },
    {
      "file_path": "./train/image_22.png",
      "rotation": 2.3038346126325147,
      "transform_matrix": [
        [
          -0.7431448254773945,
          0.3090903898782853,
          -0.5934634776050356,
          -17.803904328151066
        ],
        [
          7.553806699643017e-17,
          0.8869172504818263,
          0.46192833946160666,
          13.857850183848198
        ],
        [
          0.6691306063588579,
          0.34327965521225834,
          -0.6591079653222074,
          -19.773238959666223
        ],
        [
          0.0,
          0.0,
          0.0,
          1.0
        ]
      ]
    },
    {
      "file_path": "./train/image_23.png",
      "rotation": 2.4085543677521746,
      "transform_matrix": [
        [
          -0.6691306063588582,
          0.594788166014757,
          -0.44552358995077723,
          -13.36570769852332
        ],
        [
          7.371596049414619e-17,
          0.5995111244494964,
          0.8003664233720081,
          24.01099270116024
        ],
        [
          0.7431448254773942,
          0.5355496701801825,
          -0.4011512422217725,
          -12.034537266653176
        ],
        [
          0.0,
          0.0,
          0.0,
          1.0
        ]
      ]
    },
    {
      "file_path": "./train/image_24.png",
      "rotation": 2.5132741228718345,
      "transform_matrix": [
        [
          -0.5877852522924732,
          -0.0011875321124359003,
          -0.8090161228028497,
          -24.270483684085495
        ],
        [
          7.435944940950235e-20,
          0.99999892267764,
          -0.001467870416434696,
          -0.04403611249304088
        ],
        [
          0.8090169943749473,
          -0.0008627925830567257,
          -0.5877846190582781,
          -17.633538571748335
        ],
        [
          0.0,
          0.0,
          0.0,
          1.0
        ]
      ]
    },
    {
      "file_path": "./train/image_25.png",
      "rotation": 2.6179938779914944,
      "transform_matrix": [
        [
          -0.5000000000000002,
          0.5779028021551952,
          -0.6450025978716465,
          -19.350077936149397
        ],
        [
          -4.204148248669533e-17,
          0.7447848470184063,
          0.667304676779482,
          20.01914030338446
        ],
        [
          0.8660254037844384,
          0.33365233838974123,
          -0.37239242350920343,
          -11.171772705276101
        ],
        [
          0.0,
          0.0,
          0.0,
          1.0
        ]
      ]
    },
    {
      "file_path": "./train/image_26.png",
      "rotation": 2.7227136331111543,
      "transform_matrix": [
        [
          -0.40673664307580043,
          0.03080485511096029,
          -0.9130259383396628,
          -27.39077815018988
        ],
        [
          7.274333418349015e-19,
          0.9994313153236197,
          0.03372011195857955,
          1.0116033587573863
        ],
        [
          0.9135454576426009,
          0.0137152051421728,
          -0.4065053381795609,
          -12.195160145386827
        ],
        [
          0.0,
          0.0,
          0.0,
          1.0
        ]
      ]
    },
    {
      "file_path": "./train/image_27.png",
      "rotation": 2.827433388230814,
      "transform_matrix": [
        [
          -0.3090169943749475,
          0.8712661257002488,
          -0.3813185484535889,
          -11.43955645360767
        ],
        [
          9.131812576745911e-18,
          0.4009420491003181,
          0.9161034184322411,
          27.48310255296723
        ],
        [
          0.9510565162951536,
          0.28309152490054607,
          -0.12389790693151292,
          -3.716937207945388
        ],
        [
          0.0,
          0.0,
          0.0,
          1.0
        ]
      ]
    },
    {
      "file_path": "./train/image_28.png",
      "rotation": 2.9321531433504737,
      "transform_matrix": [
        [
          -0.2079116908177598,
          0.5236222144529165,
          -0.8261915669823339,
          -24.78574700947002
        ],
        [
          1.6868619970505473e-17,
          0.84464917806119,
          0.5353202462083386,
          16.059607386250157
        ],
        [
          0.9781476007338057,
          0.1112993375181551,
          -0.17561243875853302,
          -5.268373162755991
        ],
        [
          0.0,
          0.0,
          0.0,
          1.0
        ]
      ]
    },
    {
      "file_path": "./train/image_29.png",
      "rotation": 3.0368728984701336,
      "transform_matrix": [
        [
          -0.10452846326765373,
          0.40049609693805843,
          -0.9103168001878709,
          -27.30950400563613
        ],
        [
          -4.985836605632855e-18,
          0.9153310796146714,
          0.40270214140409044,
          12.081064242122714
        ],
        [
          0.9945218953682733,
          0.04209383599556297,
          -0.09567815113324402,
          -2.870344533997321
        ],
        [
          0.0,
          0.0,
          0.0,
          1.0
        ]
      ]
    },
    {
      "file_path": "./train/image_30.png",
      "rotation": 3.1415926535897927,
      "transform_matrix": [
        [
          -1.2246467991473535e-16,
          0.2024073934859276,
          -0.9793014076688713,
          -29.37904223006614
        ],
        [
          4.393291828868077e-34,
          0.9793014076688712,
          0.2024073934859276,
          6.072221804577829
        ],
        [
          1.0,
          2.4787756655630008e-17,
          -1.199298334302181e-16,
          -3.597895002906542e-15
        ],
        [
          0.0,
          0.0,
          0.0,
          1.0
        ]
      ]
    },
    {
      "file_path": "./train/image_31.png",
      "rotation": 3.2463124087094526,
      "transform_matrix": [
        [
          0.10452846326765305,
          0.7906834145195561,
          -0.6032358894914979,
          -18.097076684744938
        ],
        [
          3.991981393403109e-18,
          0.6065586814135635,
          0.7950387198129656,
          23.85116159438897
        ],
        [
          0.9945218953682733,
          -0.08310417562033148,
          0.06340264684981374,
          1.9020794054944123
        ],
        [
          0.0,
          0.0,
          0.0,
          1.0
        ]
      ]
    },
    {
      "file_path": "./train/image_32.png",
      "rotation": 3.3510321638291125,
      "transform_matrix": [
        [
          0.20791169081775904,
          0.44533366767416876,
          -0.870890724061965,
          -26.12672172185895
        ],
        [
          2.338646617595428e-19,
          0.8903469408999453,
          0.4552826867234349,
          13.658480601703046
        ],
        [
          0.9781476007338057,
          -0.09465859319672144,
          0.185113537896927,
          5.553406136907809
        ],
        [
          0.0,
          0.0,
          0.0,
          1.0
        ]
      ]
    },
    {
      "file_path": "./train/image_33.png",
      "rotation": 3.4557519189487724,
      "transform_matrix": [
        [
          0.30901699437494734,
          0.560511826611502,
          -0.7683326033796245,
          -23.04997810138873
        ],
        [
          -1.1176321260254152e-17,
          0.8078727081043183,
          0.5893570119207838,
          17.680710357623514
        ],
        [
          0.9510565162951536,
          -0.18212133243756057,
          0.24964639609594555,
          7.489391882878368
        ],
        [
          0.0,
          0.0,
          0.0,
          1.0
        ]
      ]
    },
    {
      "file_path": "./train/image_34.png",
      "rotation": 3.5604716740684323,
      "transform_matrix": [
        [
          0.4067366430757998,
          -0.1284553785616524,
          -0.9044691917904181,
          -27.13407575371254
        ],
        [
          1.0692915871066265e-18,
          0.9900647901248348,
          -0.14061191754281258,
          -4.218357526284377
        ],
        [
          0.9135454576426012,
          0.05719201931781474,
          0.40269562916292156,
          12.080868874887647
        ],
        [
          0.0,
          0.0,
          0.0,
          1.0
        ]
      ]
    },
    {
      "file_path": "./train/image_35.png",
      "rotation": 3.665191429188092,
      "transform_matrix": [
        [
          0.49999999999999967,
          0.5574514564071075,
          -0.6627577790939878,
          -19.88273337281963
        ],
        [
          -2.80454325576128e-17,
          0.7652867643348644,
          0.6436894968335848,
          19.310684905007548
        ],
        [
          0.8660254037844388,
          -0.3218447484167921,
          0.382643382167432,
          11.47930146502296
        ],
        [
          0.0,
          0.0,
          0.0,
          1.0
        ]
      ]
    },
    {
      "file_path": "./train/image_36.png",
      "rotation": 3.7699111843077517,
      "transform_matrix": [
        [
          0.5877852522924729,
          0.5159267930718957,
          -0.623159723809252,
          -18.69479171427756
        ],
        [
          1.1044142156958865e-17,
          0.7702677794682294,
          0.6377205876503306,
          19.13161762950992
        ],
        [
          0.8090169943749475,
          -0.3748427565041537,
          0.4527520410874962,
          13.582561232624888
        ],
        [
          0.0,
          0.0,
          0.0,
          1.0
        ]
      ]
    },
    {
      "file_path": "./train/image_37.png",
      "rotation": 3.8746309394274117,
      "transform_matrix": [
        [
          0.6691306063588577,
          0.477794412284595,
          -0.5691895389265738,
          -17.075686167797215
        ],
        [
          5.247329967630953e-18,
          0.7659200729291598,
          0.6429357991931937,
          19.288073975795808
        ],
        [
          0.7431448254773945,
          -0.43020802116395845,
          0.5125005628215092,
          15.375016884645278
        ],
        [
          0.0,
          0.0,
          0.0,
          1.0
        ]
      ]
    },
    {
      "file_path": "./train/image_38.png",
      "rotation": 3.979350694547071,
      "transform_matrix": [
        [
          0.743144825477394,
          0.6126456340305029,
          -0.26907451657400944,
          -8.072235497220282
        ],
        [
          3.642263969271148e-17,
          0.4021255551860129,
          0.9155845334355213,
          27.467536003065636
        ],
        [
          0.6691306063588585,
          -0.6804119083097416,
          0.29883752552870974,
          8.965125765861291
        ],
        [
          0.0,
          0.0,
          0.0,
          1.0
        ]
      ]
    },
    {
      "file_path": "./train/image_39.png",
      "rotation": 4.084070449666731,
      "transform_matrix": [
        [
          0.8090169943749473,
          0.41727993944441805,
          -0.4139673356072786,
          -12.419020068218359
        ],
        [
          -1.15565580393144e-17,
          0.7042832973313432,
          0.7099190355949689,
          21.297571067849066
        ],
        [
          0.5877852522924732,
          -0.574336564426603,
          0.5697771563954808,
          17.093314691864425
        ],
        [
          0.0,
          0.0,
          0.0,
          1.0
        ]
      ]
    },
    {
      "file_path": "./train/image_40.png",
      "rotation": 4.1887902047863905,
      "transform_matrix": [
        [
          0.8660254037844384,
          0.1653601410065306,
          -0.4718644124812771,
          -14.155932374438311
        ],
        [
          3.2388712481879183e-18,
          0.9437288249625532,
          0.3307202820130609,
          9.921608460391825
        ],
        [
          0.5000000000000004,
          -0.2864121657700644,
          0.8172931367012087,
          24.518794101036264
        ],
        [
          0.0,
          0.0,
          0.0,
          1.0
        ]
      ]
    },
    {
      "file_path": "./train/image_41.png",
      "rotation": 4.29350995990605,
      "transform_matrix": [
        [
          0.9135454576426006,
          0.17539863644282358,
          -0.3669741341764698,
          -11.009224025294092
        ],
        [
          9.50435676922178e-18,
          0.9022401606143933,
          0.43123391862713406,
          12.93701755881402
        ],
        [
          0.40673664307580093,
          -0.3939517875432371,
          0.8242374004320094,
          24.72712201296028
        ],
        [
          0.0,
          0.0,
          0.0,
          1.0
        ]
      ]
    },
    {
      "file_path": "./train/image_42.png",
      "rotation": 4.39822971502571,
      "transform_matrix": [
        [
          0.9510565162951536,
          0.2241515901584552,
          -0.21271475605129583,
          -6.381442681538875
        ],
        [
          -1.8622297221466058e-17,
          0.6883594103992776,
          0.7253697830174337,
          21.76109349052301
        ],
        [
          0.3090169943749476,
          -0.6898676588623318,
          0.654668702813323,
          19.64006108439969
        ],
        [
          0.0,
          0.0,
          0.0,
          1.0
        ]
      ]
    },
    {
      "file_path": "./train/image_43.png",
      "rotation": 4.50294947014537,
      "transform_matrix": [
        [
          0.9781476007338056,
          -0.017222519234701448,
          -0.2071971428613582,
          -6.215914285840746
        ],
        [
          1.3181150036070841e-18,
          0.9965632141531285,
          -0.08283574226615979,
          -2.4850722679847936
        ],
        [
          0.2079116908177598,
          0.08102558255264808,
          0.9747859169034524,
          29.243577507103574
        ],
        [
          0.0,
          0.0,
          0.0,
          1.0
        ]
      ]
    },
    {
      "file_path": "./train/image_44.png",
      "rotation": 4.607669225265029,
      "transform_matrix": [
        [
          0.9945218953682731,
          0.07263509969652408,
          -0.07516875630987482,
          -2.255062689296244
        ],
        [
          -5.119524478940027e-18,
          0.7191223706924561,
          0.6948834549546143,
          20.846503648638432
        ],
        [
          0.10452846326765422,
          -0.6910768106815173,
          0.7151829431027873,
          21.45548829308362
        ],
        [
          0.0,
          0.0,
          0.0,
          1.0
        ]
      ]
    },
    {
      "file_path": "./train/image_45.png",
      "rotation": 4.71238898038469,
      "transform_matrix": [
        [
          1.0,
          1.2836377961191398e-16,
          -1.3140523274830333e-16,
          -3.942156982449101e-15
        ],
        [
          3.944222752414813e-33,
          0.7153367694249627,
          0.6987798697076624,
          20.96339609122988
        ],
        [
          1.8369701987210297e-16,
          -0.6987798697076624,
          0.7153367694249628,
          21.460103082748887
        ],
        [
          0.0,
          0.0,
          0.0,
          1.0
        ]
      ]
    },
    {
      "file_path": "./train/image_46.png",
      "rotation": 4.817108735504349,
      "transform_matrix": [
        [
          0.9945218953682734,
          -0.013321565149575252,
          0.10367610879591643,
          3.110283263877492
        ],
        [
          4.619955982403446e-18,
          0.9918457189066864,
          0.12744437957979335,
          3.8233313873938
        ],
        [
          -0.10452846326765296,
          -0.12674622593372975,
          0.9864122842799854,
          29.592368528399557
        ],
        [
          0.0,
          0.0,
          0.0,
          1.0
        ]
      ]
    },
    {
      "file_path": "./train/image_47.png",
      "rotation": 4.9218284906240095,
      "transform_matrix": [
        [
          0.9781476007338058,
          -0.0028026509195200537,
          0.20789280008341451,
          6.236784002502435
        ],
        [
          9.267423084922381e-20,
          0.9999091405862278,
          0.013480006383944374,
          0.40440019151833123
        ],
        [
          -0.20791169081775854,
          -0.013185435902331575,
          0.9780587268162206,
          29.341761804486616
        ],
        [
          0.0,
          0.0,
          0.0,
          1.0
        ]
      ]
    },
    {
      "file_path": "./train/image_48.png",
      "rotation": 5.026548245743669,
      "transform_matrix": [
        [
          0.9510565162951536,
          -0.08397440082201135,
          0.29738830309733155,
          8.921649092919946
        ],
        [
          -9.421621187092671e-18,
          0.9623687645362767,
          0.2717468694298433,
          8.152406082895299
        ],
        [
          -0.30901699437494723,
          -0.2584466309540606,
          0.9152670845911423,
          27.458012537734266
        ],
        [
          0.0,
          0.0,
          0.0,
          1.0
        ]
      ]
    },
    {
      "file_path": "./train/image_49.png",
      "rotation": 5.1312680008633285,
      "transform_matrix": [
        [
          0.9135454576426011,
          -0.1367776812451828,
          0.38304903437257437,
          11.49147103117723
        ],
        [
          -2.1228598078010343e-17,
          0.9417618031065598,
          0.33628069556470425,
          10.088420866941128
        ],
        [
          -0.4067366430757998,
          -0.30720770192603,
          0.8603422174093033,
          25.810266522279093
        ],
        [
          0.0,
          0.0,
          0.0,
          1.0
        ]
      ]
    },
    {
      "file_path": "./train/image_50.png",
      "rotation": 5.235987755982989,
      "transform_matrix": [
        [
          0.866025403784439,
          -0.29567688220547156,
          0.40320612759387847,
          12.096183827816354
        ],
        [
          6.036158302799439e-17,
          0.806412255187758,
          0.591353764410944,
          17.740612932328318
        ],
        [
          -0.4999999999999993,
          -0.5121273826034357,
          0.6983734989156982,
          20.951204967470947
        ],
        [
          0.0,
          0.0,
          0.0,
          1.0
        ]
      ]
    },
    {
      "file_path": "./train/image_51.png",
      "rotation": 5.340707511102648,
      "transform_matrix": [
        [
          0.8090169943749476,
          -0.25464043286797156,
          0.5297638650958916,
          15.892915952876749
        ],
        [
          1.918611498124565e-17,
          0.9012881201590429,
          0.43322018011650687,
          12.996605403495204
        ],
        [
          -0.5877852522924729,
          -0.3504824880204298,
          0.7291574060369154,
          21.87472218110746
        ],
        [
          0.0,
          0.0,
          0.0,
          1.0
        ]
      ]
    },
    {
      "file_path": "./train/image_52.png",
      "rotation": 5.445427266222309,
      "transform_matrix": [
        [
          0.7431448254773947,
          -0.6282845521295213,
          0.2302048868325338,
          6.906146604976015
        ],
        [
          -8.282850742808048e-17,
          0.3440358050354579,
          0.9389565297997583,
          28.168695893992748
        ],
        [
          -0.6691306063588577,
          -0.6977806864689015,
          0.25566842829105035,
          7.670052848731512
        ],
        [
          0.0,
          0.0,
          0.0,
          1.0
        ]
      ]
    },
    {
      "file_path": "./train/image_53.png",
      "rotation": 5.550147021341968,
      "transform_matrix": [
        [
          0.6691306063588588,
          0.01801479521567832,
          0.7429264423798384,
          22.287793271395145
        ],
        [
          9.243418893762101e-19,
          0.9997061365563367,
          -0.02424129805937312,
          -0.7272389417811934
        ],
        [
          -0.7431448254773937,
          0.01622059446939416,
          0.6689339733346137,
          20.068019200038407
        ],
        [
          0.0,
          0.0,
          0.0,
          1.0
        ]
      ]
    },
    {
      "file_path": "./train/image_54.png",
      "rotation": 5.654866776461628,
      "transform_matrix": [
        [
          0.5877852522924732,
          -0.10140879099284378,
          0.8026361282030877,
          24.07908384609263
        ],
        [
          1.8401290972687075e-18,
          0.9921128156562524,
          0.12534815918322334,
          3.7604447754967
        ],
        [
          -0.8090169943749473,
          -0.07367779936990802,
          0.5831492816531064,
          17.494478449593196
        ],
        [
          0.0,
          0.0,
          0.0,
          1.0
        ]
      ]
    },
    {
      "file_path": "./train/image_55.png",
      "rotation": 5.759586531581288,
      "transform_matrix": [
        [
          0.5000000000000004,
          -0.051001323645636996,
          0.8645223334225627,
          25.935670002676876
        ],
        [
          9.224230866023378e-19,
          0.9982644038439201,
          0.05889125587167151,
          1.7667376761501452
        ],
        [
          -0.8660254037844384,
          -0.029445627935835782,
          0.49913220192196045,
          14.973966057658815
        ],
        [
          0.0,
          0.0,
          0.0,
          1.0
        ]
      ]
    },
    {
      "file_path": "./train/image_56.png",
      "rotation": 5.8643062867009474,
      "transform_matrix": [
        [
          0.406736643075801,
          -0.6220996936450185,
          0.6689972154995881,
          20.069916464987646
        ],
        [
          -1.0547959110728119e-17,
          0.7323086223053772,
          0.6809728935113352,
          20.429186805340052
        ],
        [
          -0.9135454576426006,
          -0.2769766287324154,
          0.29785675073195383,
          8.935702521958614
        ],
        [
          0.0,
          0.0,
          0.0,
          1.0
        ]
      ]
    },
    {
      "file_path": "./train/image_57.png",
      "rotation": 5.969026041820607,
      "transform_matrix": [
        [
          0.30901699437494773,
          -0.17775494715368148,
          0.934297423709316,
          28.028922711279485
        ],
        [
          1.4130333526802937e-17,
          0.9823784472334806,
          0.18690261210356562,
          5.607078363106968
        ],
        [
          -0.9510565162951536,
          -0.05775608343307055,
          0.30357163510281826,
          9.10714905308455
        ],
        [
          0.0,
          0.0,
          0.0,
          1.0
        ]
      ]
    },
    {
      "file_path": "./train/image_58.png",
      "rotation": 6.073745796940267,
      "transform_matrix": [
        [
          0.20791169081775987,
          -0.4577056918890294,
          0.8644525599671071,
          25.93357679901322
        ],
        [
          -4.285527726961878e-18,
          0.8837649443893698,
          0.46793110931894016,
          14.037933279568206
        ],
        [
          -0.9781476007338057,
          -0.09728834812473089,
          0.1837450638734574,
          5.5123519162037224
        ],
        [
          0.0,
          0.0,
          0.0,
          1.0
        ]
      ]
    },
    {
      "file_path": "./train/image_59.png",
      "rotation": 6.178465552059927,
      "transform_matrix": [
        [
          0.10452846326765428,
          -0.17370877313044317,
          0.9792339161326158,
          29.377017483978477
        ],
        [
          -3.974216586952166e-18,
          0.9846278103007513,
          0.17466560961548108,
          5.239968288464432
        ],
        [
          -0.9945218953682731,
          -0.01825752775881426,
          0.10292163190133295,
          3.0876489570399883
        ],
        [
          0.0,
          0.0,
          0.0,
          1.0
        ]
      ]
    }
  ]
}